120
121
122
123
124
125
126
127
128
129
130
131
132
133
134
140
141
142
41
64
67
86
88
90
109
122
139
142
164
165
166
167
168
40
56
120
121
122
123
124
125
126
127
128
129
130
131
132
133
134
140
141
142
41
64
67
86
88
90
109
122
139
142
164
165
166
167
168
40
56
120
121
122
123
124
125
126
127
128
129
130
131
132
133
134
140
141
142
41
64
67
86
88
90
109
122
139
142
164
165
166
167
168
40
56
120
121
122
123
124
125
126
127
128
129
130
131
132
133
134
140
141
142
41
64
67
86
88
90
109
122
139
142
164
165
166
167
168
40
56
120
121
122
123
124
125
126
127
128
129
130
131
132
133
134
140
141
142
41
64
67
86
88
90
109
122
139
142
164
165
166
167
168
40
56
120
121
122
123
124
125
126
127
128
129
130
131
132
133
134
140
141
142
41
64
67
86
88
90
109
122
139
142
164
165
166
167
168
40
56
120
121
122
123
124
125
126
127
128
129
130
131
132
133
134
140
141
142
41
64
67
86
88
90
109
122
139
142
164
165
166
167
168
40
56
120
121
122
123
124
125
126
127
128
129
130
131
132
133
134
140
141
142
41
64
67
86
88
90
109
122
139
142
164
165
166
167
168
40
56
120
121
122
123
124
125
126
127
128
129
130
131
132
133
134
140
141
142
41
64
67
86
88
90
109
122
139
142
164
165
166
167
168
40
56
120
121
122
123
124
125
126
127
128
129
130
131
132
133
134
140
141
142
41
64
67
86
88
90
109
122
139
142
164
165
166
167
168
40
56
120
121
122
123
124
125
126
127
128
129
130
131
132
133
134
140
141
142
41
64
67
86
88
90
109
122
139
142
164
165
166
167
168
40
56
120
121
122
123
124
125
126
127
128
129
130
131
132
133
134
140
141
142
41
64
67
86
88
90
109
122
139
142
164
165
166
167
168
40
56
120
121
122
123
124
125
126
127
128
129
130
131
132
133
134
140
141
142
41
64
67
86
88
90
109
122
139
142
164
165
166
167
168
40
56
120
121
122
123
124
125
126
127
128
129
130
131
132
133
134
140
141
142
41
64
67
86
88
90
109
122
139
142
164
165
166
167
168
40
56
120
121
122
123
124
125
126
127
128
129
130
131
132
133
134
140
141
142
41
64
67
86
88
90
109
122
139
142
164
165
166
167
168
40
56